max_depth: 10
learning_rate: 0.018336904224692818
n_estimators: 245
subsample: 0.7621451160933796
colsample_bytree: 0.681135459857179
gamma: 0.8196771210602682
reg_alpha: 0.047835426084726934
reg_lambda: 0.7260438002543387
