max_depth: 15
learning_rate: 0.015739538380303227
n_estimators: 425
subsample: 0.6912775119982155
colsample_bytree: 0.7229233663475045
gamma: 0.049503211163321355
reg_alpha: 0.37269031413127374
reg_lambda: 0.2726153570878083
