max_depth: 21
learning_rate: 0.019815601484014345
n_estimators: 134
subsample: 0.878286303082638
colsample_bytree: 0.6553031145058482
gamma: 0.15289530444906305
reg_alpha: 0.34521801940989055
reg_lambda: 0.08075238579595526
