max_depth: 24
learning_rate: 0.06581597805790136
n_estimators: 283
subsample: 0.5092645034944165
colsample_bytree: 0.6139111237441817
gamma: 0.3701990506946695
reg_alpha: 0.962847380415031
reg_lambda: 0.5792453401503395
