max_depth: 31
learning_rate: 0.0144496492393534
n_estimators: 358
subsample: 0.7887281873784762
colsample_bytree: 0.750985846830363
gamma: 0.3230937460881057
reg_alpha: 0.9369675623644594
reg_lambda: 0.1541024078112353
