max_depth: 14
learning_rate: 0.016220406385639985
n_estimators: 381
subsample: 0.9007826479101687
colsample_bytree: 0.7336345376350202
gamma: 0.41274101215441783
reg_alpha: 0.24085371455387594
reg_lambda: 0.13729094435793598
